0.000000 1.000006
0.004167 0.999988
0.008333 0.999962
0.012500 0.999919
0.016667 0.999858
0.020833 0.999780
0.025000 0.999685
0.029167 0.999572
0.033333 0.999442
0.037500 0.999294
0.041667 0.999129
0.045833 0.998947
0.050000 0.998747
0.054167 0.998530
0.058333 0.998296
0.062500 0.998045
0.066667 0.997776
0.070833 0.997489
0.075000 0.997186
0.079167 0.996865
0.083333 0.996527
0.087500 0.996171
0.091667 0.995799
0.095833 0.995409
0.100000 0.995001
0.104167 0.994577
0.108333 0.994135
0.112500 0.993676
0.116667 0.993199
0.120833 0.992706
0.125000 0.992195
0.129167 0.991667
0.133333 0.991121
0.137500 0.990559
0.141667 0.989979
0.145833 0.989382
0.150000 0.988768
0.154167 0.988137
0.158333 0.987489
0.162500 0.986823
0.166667 0.986140
0.170833 0.985441
0.175000 0.984724
0.179167 0.983990
0.183333 0.983239
0.187500 0.982470
0.191667 0.981685
0.195833 0.980883
0.200000 0.980064
0.204167 0.979227
0.208333 0.978374
0.212500 0.977504
0.216667 0.976617
0.220833 0.975712
0.225000 0.974791
0.229167 0.973853
0.233333 0.972898
0.237500 0.971926
0.241667 0.970938
0.245833 0.969932
0.250000 0.968910
0.254167 0.967870
0.258333 0.966814
0.262500 0.965741
0.266667 0.964652
0.270833 0.963545
0.275000 0.962422
0.279167 0.961283
0.283333 0.960126
0.287500 0.958953
0.291667 0.957763
0.295833 0.956557
0.300000 0.955334
0.304167 0.954094
0.308333 0.952838
0.312500 0.951565
0.316667 0.950276
0.320833 0.948970
0.325000 0.947648
0.329167 0.946309
0.333333 0.944954
0.337500 0.943583
0.341667 0.942195
0.345833 0.940791
0.350000 0.939370
0.354167 0.937933
0.358333 0.936480
0.362500 0.935011
0.366667 0.933525
0.370833 0.932023
0.375000 0.930505
0.379167 0.928971
0.383333 0.927420
0.387500 0.925854
0.391667 0.924271
0.395833 0.922673
0.400000 0.921058
0.404167 0.919428
0.408333 0.917781
0.412500 0.916119
0.416667 0.914440
0.420833 0.912746
0.425000 0.911036
0.429167 0.909310
0.433333 0.907569
0.437500 0.905811
0.441667 0.904038
0.445833 0.902249
0.450000 0.900444
0.454167 0.898624
0.458333 0.896789
0.462500 0.894937
0.466667 0.893070
0.470833 0.891188
0.475000 0.889290
0.479167 0.887377
0.483333 0.885448
0.487500 0.883504
0.491667 0.881545
0.495833 0.879570
0.500000 0.877580
0.504167 0.875575
0.508333 0.873554
0.512500 0.871519
0.516667 0.869468
0.520833 0.867402
0.525000 0.865321
0.529167 0.863226
0.533333 0.861115
0.537500 0.858989
0.541667 0.856848
0.545833 0.854693
0.550000 0.852522
0.554167 0.850337
0.558333 0.848137
0.562500 0.845922
0.566667 0.843693
0.570833 0.841449
0.575000 0.839190
0.579167 0.836917
0.583333 0.834629
0.587500 0.832327
0.591667 0.830010
0.595833 0.827679
0.600000 0.825333
0.604167 0.822973
0.608333 0.820599
0.612500 0.818211
0.616667 0.815808
0.620833 0.813392
0.625000 0.810961
0.629167 0.808516
0.633333 0.806057
0.637500 0.803584
0.641667 0.801097
0.645833 0.798596
0.650000 0.796081
0.654167 0.793553
0.658333 0.791011
0.662500 0.788455
0.666667 0.785885
0.670833 0.783302
0.675000 0.780705
0.679167 0.778094
0.683333 0.775470
0.687500 0.772833
0.691667 0.770182
0.695833 0.767518
0.700000 0.764840
0.704167 0.762149
0.708333 0.759445
0.712500 0.756728
0.716667 0.753997
0.720833 0.751254
0.725000 0.748497
0.729167 0.745728
0.733333 0.742945
0.737500 0.740150
0.741667 0.737342
0.745833 0.734521
0.750000 0.731687
0.754167 0.728840
0.758333 0.725981
0.762500 0.723109
0.766667 0.720225
0.770833 0.717328
0.775000 0.714419
0.779167 0.711497
0.783333 0.708563
0.787500 0.705617
0.791667 0.702658
0.795833 0.699688
0.800000 0.696705
0.804167 0.693710
0.808333 0.690703
0.812500 0.687684
0.816667 0.684653
0.820833 0.681610
0.825000 0.678555
0.829167 0.675489
0.833333 0.672410
0.837500 0.669320
0.841667 0.666219
0.845833 0.663106
0.850000 0.659981
0.854167 0.656845
0.858333 0.653698
0.862500 0.650539
0.866667 0.647369
0.870833 0.644188
0.875000 0.640995
0.879167 0.637791
0.883333 0.634577
0.887500 0.631351
0.891667 0.628114
0.895833 0.624867
0.900000 0.621608
0.904167 0.618339
0.908333 0.615059
0.912500 0.611768
0.916667 0.608467
0.920833 0.605155
0.925000 0.601833
0.929167 0.598500
0.933333 0.595157
0.937500 0.591803
0.941667 0.588440
0.945833 0.585066
0.950000 0.581681
0.954167 0.578287
0.958333 0.574883
0.962500 0.571469
0.966667 0.568044
0.970833 0.564610
0.975000 0.561166
0.979167 0.557713
0.983333 0.554250
0.987500 0.550777
0.991667 0.547294
0.995833 0.543807
